-1.479407310485839844e+01 -2.740844786167144775e-01 -1.165369701385498047e+01 -0.000000000000000000e+00 -0.000000000000000000e+00 -7.956097722053527832e-01 6.058094501495361328e-01
-1.467598438262939453e+01 -2.224633693695068359e-01 -1.167121601104736328e+01 5.388239398598670959e-03 7.705034688115119934e-03 -7.922548651695251465e-01 6.101178526878356934e-01
-1.454932308197021484e+01 -1.754980385303497314e-01 -1.168721485137939453e+01 1.092374138534069061e-02 1.578291691839694977e-02 -7.885510325431823730e-01 6.146696805953979492e-01
-1.441220664978027344e+01 -1.401647925376892090e-01 -1.169936943054199219e+01 1.657969132065773010e-02 2.416652441024780273e-02 -7.845299243927001953e-01 6.193979382514953613e-01
-1.426479053497314453e+01 -1.245678663253784180e-01 -1.170496082305908203e+01 2.232904918491840363e-02 3.278821334242820740e-02 -7.802265286445617676e-01 6.242380142211914062e-01
-1.411032295227050781e+01 -1.297595202922821045e-01 -1.170363140106201172e+01 2.814446017146110535e-02 4.158085212111473083e-02 -7.756788730621337891e-01 6.291273236274719238e-01
-1.395133972167968750e+01 -1.538610756397247314e-01 -1.169570159912109375e+01 3.399898484349250793e-02 5.047658085823059082e-02 -7.709293365478515625e-01 6.340063810348510742e-01
-1.378812313079833984e+01 -1.879626363515853882e-01 -1.168322467803955078e+01 3.986538201570510864e-02 5.940828844904899597e-02 -7.660234570503234863e-01 6.388186812400817871e-01
-1.362016677856445312e+01 -2.274072170257568359e-01 -1.166654968261718750e+01 4.571696743369102478e-02 6.830826401710510254e-02 -7.610110044479370117e-01 6.435107588768005371e-01
-1.344648361206054688e+01 -2.675292789936065674e-01 -1.164659309387207031e+01 5.152671784162521362e-02 7.711002975702285767e-02 -7.559451460838317871e-01 6.480324864387512207e-01
-1.326637935638427734e+01 -3.049230873584747314e-01 -1.162368106842041016e+01 5.726813524961471558e-02 8.574678003787994385e-02 -7.508828043937683105e-01 6.523363590240478516e-01
-1.307936763763427734e+01 -3.361022770404815674e-01 -1.159798049926757812e+01 6.291490793228149414e-02 9.415283799171447754e-02 -7.458842992782592773e-01 6.563790440559387207e-01
-1.288519954681396484e+01 -3.554504215717315674e-01 -1.156918144226074219e+01 6.844127178192138672e-02 1.022623404860496521e-01 -7.410132288932800293e-01 6.601194143295288086e-01
-1.268489551544189453e+01 -3.651501238346099854e-01 -1.153642177581787109e+01 7.382172346115112305e-02 1.100105568766593933e-01 -7.363361716270446777e-01 6.635187864303588867e-01
-1.247921371459960938e+01 -3.662939369678497314e-01 -1.149833202362060547e+01 7.903077453374862671e-02 1.173334717750549316e-01 -7.319209575653076172e-01 6.665422320365905762e-01
-1.226928329467773438e+01 -3.587121367454528809e-01 -1.145178699493408203e+01 8.404398709535598755e-02 1.241672188043594360e-01 -7.278389930725097656e-01 6.691557765007019043e-01
-1.205598354339599609e+01 -3.446911573410034180e-01 -1.139503860473632812e+01 8.883662521839141846e-02 1.304490864276885986e-01 -7.241619229316711426e-01 6.713274121284484863e-01
-1.184157180786132812e+01 -3.251769840717315674e-01 -1.132267761230468750e+01 9.338475763797760010e-02 1.361164450645446777e-01 -7.209625244140625000e-01 6.730264425277709961e-01
-1.162871456146240234e+01 -2.980541884899139404e-01 -1.123166751861572266e+01 9.766437858343124390e-02 1.411070227622985840e-01 -7.183136343955993652e-01 6.742224693298339844e-01
-1.142424392700195312e+01 -2.467211931943893433e-01 -1.111942386627197266e+01 1.016519293189048767e-01 1.453589349985122681e-01 -7.162879705429077148e-01 6.748846173286437988e-01
-1.124864864349365234e+01 -1.400830000638961792e-01 -1.098853111267089844e+01 1.053240969777107239e-01 1.488099694252014160e-01 -7.149569392204284668e-01 6.749808788299560547e-01
-1.114648056030273438e+01 3.605102375149726868e-02 -1.086692619323730469e+01 1.086645647883415222e-01 1.514178365468978882e-01 -7.143698930740356445e-01 6.744925379753112793e-01
-1.111698627471923828e+01 2.484289556741714478e-01 -1.077274894714355469e+01 1.116865873336791992e-01 1.532171666622161865e-01 -7.144958972930908203e-01 6.734583973884582520e-01
-1.112252426147460938e+01 4.645763933658599854e-01 -1.069428157806396484e+01 1.144106462597846985e-01 1.542614698410034180e-01 -7.152804732322692871e-01 6.719281673431396484e-01
-1.114341259002685547e+01 6.766247153282165527e-01 -1.062165260314941406e+01 1.168566942214965820e-01 1.546037793159484863e-01 -7.166664600372314453e-01 6.699487566947937012e-01
-1.116934013366699219e+01 8.828637599945068359e-01 -1.054929161071777344e+01 1.190440505743026733e-01 1.542965918779373169e-01 -7.185940742492675781e-01 6.675655245780944824e-01
-1.119508171081542969e+01 1.082677006721496582e+00 -1.047413539886474609e+01 1.209921836853027344e-01 1.533919870853424072e-01 -7.210018634796142578e-01 6.648218035697937012e-01
-1.121718311309814453e+01 1.275394201278686523e+00 -1.039389991760253906e+01 1.227201521396636963e-01 1.519418805837631226e-01 -7.238278985023498535e-01 6.617602109909057617e-01
-1.123530006408691406e+01 1.461419701576232910e+00 -1.031011962890625000e+01 1.242470443248748779e-01 1.499983668327331543e-01 -7.270092964172363281e-01 6.584228277206420898e-01
-1.125011539459228516e+01 1.641644239425659180e+00 -1.022536849975585938e+01 1.255919933319091797e-01 1.476131677627563477e-01 -7.304832339286804199e-01 6.548519730567932129e-01
-1.126219654083251953e+01 1.816961646080017090e+00 -1.014184093475341797e+01 1.267740428447723389e-01 1.448382884263992310e-01 -7.341876626014709473e-01 6.510903835296630859e-01
-1.127210330963134766e+01 1.988178610801696777e+00 -1.006139659881591797e+01 1.278123259544372559e-01 1.417263597249984741e-01 -7.380607128143310547e-01 6.471816301345825195e-01
-1.128019428253173828e+01 2.155993700027465820e+00 -9.985683441162109375e+00 1.287263631820678711e-01 1.383295059204101562e-01 -7.420419454574584961e-01 6.431704163551330566e-01
-1.128677177429199219e+01 2.321046113967895508e+00 -9.916412353515625000e+00 1.295358389616012573e-01 1.347008943557739258e-01 -7.460725903511047363e-01 6.391022801399230957e-01
-1.129210948944091797e+01 2.483892679214477539e+00 -9.855490684509277344e+00 1.302605569362640381e-01 1.308934986591339111e-01 -7.500948905944824219e-01 6.350247859954833984e-01
-1.129637050628662109e+01 2.644840002059936523e+00 -9.804850578308105469e+00 1.309207975864410400e-01 1.269607692956924438e-01 -7.540531754493713379e-01 6.309869289398193359e-01
-1.129942131042480469e+01 2.803426504135131836e+00 -9.764770507812500000e+00 1.315367817878723145e-01 1.229566782712936401e-01 -7.578933835029602051e-01 6.270384192466735840e-01
-1.130127334594726562e+01 2.958899974822998047e+00 -9.734445571899414062e+00 1.321293562650680542e-01 1.189348697662353516e-01 -7.615635991096496582e-01 6.232314705848693848e-01
-1.130207157135009766e+01 3.110491991043090820e+00 -9.712244987487792969e+00 1.327194124460220337e-01 1.149499118328094482e-01 -7.650126218795776367e-01 6.196190118789672852e-01
-1.130192089080810547e+01 3.257681846618652344e+00 -9.697003364562988281e+00 1.333279460668563843e-01 1.110563054680824280e-01 -7.681923508644104004e-01 6.162553429603576660e-01
-1.130103874206542969e+01 3.400008440017700195e+00 -9.686908721923828125e+00 1.339765489101409912e-01 1.073084324598312378e-01 -7.710546851158142090e-01 6.131964325904846191e-01
-1.129976749420166016e+01 3.537194728851318359e+00 -9.679672241210937500e+00 1.346815526485443115e-01 1.037527099251747131e-01 -7.735656499862670898e-01 6.104854941368103027e-01
-1.129818248748779297e+01 3.669191837310791016e+00 -9.674810409545898438e+00 1.354390084743499756e-01 1.004010662436485291e-01 -7.757394909858703613e-01 6.081151962280273438e-01
-1.129625988006591797e+01 3.795949697494506836e+00 -9.672186851501464844e+00 1.362397223711013794e-01 9.725710749626159668e-02 -7.776018381118774414e-01 6.060652136802673340e-01
-1.129432582855224609e+01 3.917427778244018555e+00 -9.670184135437011719e+00 1.370744556188583374e-01 9.432423114776611328e-02 -7.791776657104492188e-01 6.043142676353454590e-01
-1.129218769073486328e+01 4.033635139465332031e+00 -9.669522285461425781e+00 1.379336267709732056e-01 9.160554409027099609e-02 -7.804909944534301758e-01 6.028403043746948242e-01
-1.129009151458740234e+01 4.144565105438232422e+00 -9.669168472290039062e+00 1.388078629970550537e-01 8.910430967807769775e-02 -7.815656065940856934e-01 6.016212105751037598e-01
-1.128802680969238281e+01 4.250225543975830078e+00 -9.669201850891113281e+00 1.396873295307159424e-01 8.682350814342498779e-02 -7.824243307113647461e-01 6.006340980529785156e-01
-1.128593730926513672e+01 4.350622653961181641e+00 -9.669862747192382812e+00 1.405626237392425537e-01 8.476619422435760498e-02 -7.830900549888610840e-01 5.998557806015014648e-01
-1.128396797180175781e+01 4.445764064788818359e+00 -9.670476913452148438e+00 1.414237320423126221e-01 8.293525874614715576e-02 -7.835846543312072754e-01 5.992630124092102051e-01
-1.128207588195800781e+01 4.535659313201904297e+00 -9.671260833740234375e+00 1.422609984874725342e-01 8.133361488580703735e-02 -7.839304208755493164e-01 5.988318920135498047e-01
-1.128022098541259766e+01 4.620307445526123047e+00 -9.672437667846679688e+00 1.430644243955612183e-01 7.996404916048049927e-02 -7.841489315032958984e-01 5.985388159751892090e-01
-1.127849006652832031e+01 4.699726581573486328e+00 -9.673516273498535156e+00 1.438242048025131226e-01 7.882952690124511719e-02 -7.842614650726318359e-01 5.983597636222839355e-01
-1.127687931060791016e+01 4.773919582366943359e+00 -9.674497604370117188e+00 1.445304304361343384e-01 7.793280482292175293e-02 -7.842893004417419434e-01 5.982705354690551758e-01
-1.127536869049072266e+01 4.842894077301025391e+00 -9.675535202026367188e+00 1.451731324195861816e-01 7.727664709091186523e-02 -7.842537164688110352e-01 5.982467532157897949e-01
-1.127393627166748047e+01 4.906657695770263672e+00 -9.676725387573242188e+00 1.457422673702239990e-01 7.686384022235870361e-02 -7.841755151748657227e-01 5.982640981674194336e-01
-1.127262878417968750e+01 4.965218544006347656e+00 -9.677773475646972656e+00 1.462279111146926880e-01 7.669714838266372681e-02 -7.840756773948669434e-01 5.982978940010070801e-01
-1.127144241333007812e+01 5.018585205078125000e+00 -9.678672790527343750e+00 1.466199755668640137e-01 7.677934318780899048e-02 -7.839745879173278809e-01 5.983237624168395996e-01
-1.127037429809570312e+01 5.066766262054443359e+00 -9.679423332214355469e+00 1.469084173440933228e-01 7.711315155029296875e-02 -7.838930487632751465e-01 5.983169078826904297e-01
-1.126942348480224609e+01 5.109767913818359375e+00 -9.680023193359375000e+00 1.470832824707031250e-01 7.770140469074249268e-02 -7.838513851165771484e-01 5.982524752616882324e-01
-1.126858234405517578e+01 5.147596359252929688e+00 -9.680517196655273438e+00 1.471341848373413086e-01 7.854662835597991943e-02 -7.838696837425231934e-01 5.981055498123168945e-01
-1.126784133911132812e+01 5.180253982543945312e+00 -9.680991172790527344e+00 1.470556706190109253e-01 7.964525371789932251e-02 -7.839624285697937012e-01 5.978579521179199219e-01
-1.126721763610839844e+01 5.207745075225830078e+00 -9.681284904479980469e+00 1.468599587678909302e-01 8.096770942211151123e-02 -7.841229438781738281e-01 5.975179672241210938e-01
-1.126670837402343750e+01 5.230063438415527344e+00 -9.681410789489746094e+00 1.465639472007751465e-01 8.247832953929901123e-02 -7.843379974365234375e-01 5.971015095710754395e-01
-1.126631641387939453e+01 5.247206687927246094e+00 -9.681376457214355469e+00 1.461843848228454590e-01 8.414125442504882812e-02 -7.845953106880187988e-01 5.966244339942932129e-01
-1.126604080200195312e+01 5.259171009063720703e+00 -9.681195259094238281e+00 1.457380950450897217e-01 8.592059463262557983e-02 -7.848823666572570801e-01 5.961019992828369141e-01
-1.126588153839111328e+01 5.265953063964843750e+00 -9.680874824523925781e+00 1.452420502901077271e-01 8.778068423271179199e-02 -7.851871252059936523e-01 5.955505371093750000e-01
-1.126583957672119141e+01 5.267548561096191406e+00 -9.680429458618164062e+00 1.447130739688873291e-01 8.968558162450790405e-02 -7.854976654052734375e-01 5.949857831001281738e-01
-1.126561737060546875e+01 5.277087211608886719e+00 -9.680150032043457031e+00 1.441683173179626465e-01 9.159979224205017090e-02 -7.858020663261413574e-01 5.944243073463439941e-01
-1.126521110534667969e+01 5.294564247131347656e+00 -9.680051803588867188e+00 1.436246335506439209e-01 9.348744899034500122e-02 -7.860888838768005371e-01 5.938825011253356934e-01
-1.126462364196777344e+01 5.319975376129150391e+00 -9.680143356323242188e+00 1.430991888046264648e-01 9.531293064355850220e-02 -7.863470315933227539e-01 5.933770537376403809e-01
-1.126385688781738281e+01 5.353322505950927734e+00 -9.680435180664062500e+00 1.426090300083160400e-01 9.704052656888961792e-02 -7.865657806396484375e-01 5.929249525070190430e-01
-1.126290988922119141e+01 5.394597053527832031e+00 -9.680939674377441406e+00 1.421715021133422852e-01 9.863474965095520020e-02 -7.867344021797180176e-01 5.925431847572326660e-01
-1.126178646087646484e+01 5.443798542022705078e+00 -9.681664466857910156e+00 1.418036520481109619e-01 1.000599265098571777e-01 -7.868423461914062500e-01 5.922489762306213379e-01
-1.126047801971435547e+01 5.500917911529541016e+00 -9.682830810546875000e+00 1.415227651596069336e-01 1.012805402278900146e-01 -7.868792414665222168e-01 5.920597314834594727e-01
-1.125899791717529297e+01 5.565447807312011719e+00 -9.684366226196289062e+00 1.413460373878479004e-01 1.022610291838645935e-01 -7.868346571922302246e-01 5.919926166534423828e-01
-1.125735282897949219e+01 5.637390136718750000e+00 -9.686183929443359375e+00 1.412907093763351440e-01 1.029657796025276184e-01 -7.866982817649841309e-01 5.920647978782653809e-01
-1.125554561614990234e+01 5.716736793518066406e+00 -9.688291549682617188e+00 1.413739472627639771e-01 1.033592522144317627e-01 -7.864594459533691406e-01 5.922935009002685547e-01
-1.125357723236083984e+01 5.803484916687011719e+00 -9.690830230712890625e+00 1.416128277778625488e-01 1.034057140350341797e-01 -7.861074805259704590e-01 5.926955938339233398e-01
-1.125145435333251953e+01 5.897623062133789062e+00 -9.694057464599609375e+00 1.420244127511978149e-01 1.030696257948875427e-01 -7.856304645538330078e-01 5.932878255844116211e-01
-1.124917125701904297e+01 5.999156475067138672e+00 -9.697649955749511719e+00 1.426256746053695679e-01 1.023151203989982605e-01 -7.850169539451599121e-01 5.940858721733093262e-01
-1.124673461914062500e+01 6.108084678649902344e+00 -9.701725006103515625e+00 1.434249877929687500e-01 1.011140048503875732e-01 -7.842624783515930176e-01 5.950946807861328125e-01
-1.124417781829833984e+01 6.224396705627441406e+00 -9.706708908081054688e+00 1.443968266248703003e-01 9.946848452091217041e-02 -7.833961248397827148e-01 5.962768793106079102e-01
-1.124145221710205078e+01 6.348127365112304688e+00 -9.712087631225585938e+00 1.455073952674865723e-01 9.738831967115402222e-02 -7.824558615684509277e-01 5.975832939147949219e-01
-1.123865318298339844e+01 6.479263782501220703e+00 -9.718499183654785156e+00 1.467227935791015625e-01 9.488335996866226196e-02 -7.814792990684509277e-01 5.989654660224914551e-01
-1.123571109771728516e+01 6.617831707000732422e+00 -9.725533485412597656e+00 1.480090767145156860e-01 9.196339547634124756e-02 -7.805038690567016602e-01 6.003746390342712402e-01
-1.123274421691894531e+01 6.763824462890625000e+00 -9.733639717102050781e+00 1.493323743343353271e-01 8.863832056522369385e-02 -7.795673608779907227e-01 6.017621755599975586e-01
-1.122968196868896484e+01 6.917267799377441406e+00 -9.742459297180175781e+00 1.506587117910385132e-01 8.491806685924530029e-02 -7.787074446678161621e-01 6.030800342559814453e-01
-1.122666454315185547e+01 7.078160285949707031e+00 -9.752306938171386719e+00 1.519544422626495361e-01 8.081250637769699097e-02 -7.779626250267028809e-01 6.042791008949279785e-01
-1.122373485565185547e+01 7.246523380279541016e+00 -9.762948989868164062e+00 1.531856358051300049e-01 7.633183896541595459e-02 -7.773706316947937012e-01 6.053119301795959473e-01
-1.122095584869384766e+01 7.422379970550537109e+00 -9.774204254150390625e+00 1.543185114860534668e-01 7.148589938879013062e-02 -7.769700288772583008e-01 6.061296463012695312e-01
-1.121846389770507812e+01 7.605761528015136719e+00 -9.785759925842285156e+00 1.553193032741546631e-01 6.628487259149551392e-02 -7.767988443374633789e-01 6.066843271255493164e-01
-1.121650981903076172e+01 7.787062644958496094e+00 -9.796521186828613281e+00 1.561541259288787842e-01 6.073882803320884705e-02 -7.768948674201965332e-01 6.069275736808776855e-01
-1.121517181396484375e+01 7.966325283050537109e+00 -9.805801391601562500e+00 1.567890793085098267e-01 5.485787987709045410e-02 -7.772952914237976074e-01 6.068111658096313477e-01
-1.121451663970947266e+01 8.143571853637695312e+00 -9.812829017639160156e+00 1.571902930736541748e-01 4.865209385752677917e-02 -7.780374288558959961e-01 6.062854528427124023e-01
-1.121171569824218750e+01 8.318766593933105469e+00 -9.817167282104492188e+00 1.573234796524047852e-01 4.213141649961471558e-02 -7.791566252708435059e-01 6.053008437156677246e-01
-1.119827651977539062e+01 8.491291046142578125e+00 -9.817966461181640625e+00 1.571543663740158081e-01 3.530585020780563354e-02 -7.806876897811889648e-01 6.038069128990173340e-01
-1.114305877685546875e+01 8.650954246520996094e+00 -9.810873031616210938e+00 1.566484719514846802e-01 2.818537876009941101e-02 -7.826632261276245117e-01 6.017516851425170898e-01
-1.099069023132324219e+01 8.643883705139160156e+00 -9.790525436401367188e+00 1.557707786560058594e-01 2.077966928482055664e-02 -7.851141691207885742e-01 5.990821123123168945e-01
-1.086357975006103516e+01 8.539853096008300781e+00 -9.775700569152832031e+00 1.544861197471618652e-01 1.309857517480850220e-02 -7.880686521530151367e-01 5.957434773445129395e-01
-1.075143623352050781e+01 8.422173500061035156e+00 -9.763588905334472656e+00 1.527588367462158203e-01 5.151778459548950195e-03 -7.915516495704650879e-01 5.916790962219238281e-01
-1.064757633209228516e+01 8.299920082092285156e+00 -9.752926826477050781e+00 1.505652666091918945e-01 -3.045462071895599365e-03 -7.955687642097473145e-01 5.868484377861022949e-01
-1.055068302154541016e+01 8.174986839294433594e+00 -9.743522644042968750e+00 1.479318588972091675e-01 -1.145493239164352417e-02 -8.000582456588745117e-01 5.812845826148986816e-01
-1.045627403259277344e+01 8.050973892211914062e+00 -9.734488487243652344e+00 1.448977291584014893e-01 -2.003251016139984131e-02 -8.049427270889282227e-01 5.750395655632019043e-01
-1.036811637878417969e+01 7.925197601318359375e+00 -9.726632118225097656e+00 1.415024995803833008e-01 -2.873368188738822937e-02 -8.101459741592407227e-01 5.681679844856262207e-01
-1.028112125396728516e+01 7.801347255706787109e+00 -9.718890190124511719e+00 1.377867162227630615e-01 -3.751368075609207153e-02 -8.155944943428039551e-01 5.607254505157470703e-01
-1.019781017303466797e+01 7.674107551574707031e+00 -9.712022781372070312e+00 1.337912976741790771e-01 -4.632775112986564636e-02 -8.212172985076904297e-01 5.527709126472473145e-01
-1.011433219909667969e+01 7.546042442321777344e+00 -9.705182075500488281e+00 1.295581161975860596e-01 -5.513087287545204163e-02 -8.269468545913696289e-01 5.443658232688903809e-01
-1.003324604034423828e+01 7.415561199188232422e+00 -9.698961257934570312e+00 1.251299083232879639e-01 -6.387810409069061279e-02 -8.327193856239318848e-01 5.355746746063232422e-01
-9.953277587890625000e+00 7.283441066741943359e+00 -9.693064689636230469e+00 1.205501109361648560e-01 -7.252466678619384766e-02 -8.384761214256286621e-01 5.264652371406555176e-01
-9.874125480651855469e+00 7.149913311004638672e+00 -9.687431335449218750e+00 1.158629953861236572e-01 -8.102602511644363403e-02 -8.441620469093322754e-01 5.171082615852355957e-01
-9.798018455505371094e+00 7.013686180114746094e+00 -9.682588577270507812e+00 1.111135482788085938e-01 -8.933799713850021362e-02 -8.497274518013000488e-01 5.075781941413879395e-01
-9.721501350402832031e+00 6.876729488372802734e+00 -9.677707672119140625e+00 1.063473969697952271e-01 -9.741695225238800049e-02 -8.551280498504638672e-01 4.979518651962280273e-01
-9.649192810058593750e+00 6.736614704132080078e+00 -9.673910140991210938e+00 1.016107946634292603e-01 -1.052197217941284180e-01 -8.603241443634033203e-01 4.883096814155578613e-01
-9.577310562133789062e+00 6.595318317413330078e+00 -9.670259475708007812e+00 9.695044159889221191e-02 -1.127039194107055664e-01 -8.652814626693725586e-01 4.787341654300689697e-01
-9.508071899414062500e+00 6.451830863952636719e+00 -9.667302131652832031e+00 9.241347759962081909e-02 -1.198277845978736877e-01 -8.699703812599182129e-01 4.693108499050140381e-01
-9.442003250122070312e+00 6.305902004241943359e+00 -9.665156364440917969e+00 8.804713189601898193e-02 -1.265504360198974609e-01 -8.743662238121032715e-01 4.601265788078308105e-01
-9.376605987548828125e+00 6.158757209777832031e+00 -9.663239479064941406e+00 8.389916270971298218e-02 -1.328315734863281250e-01 -8.784483075141906738e-01 4.512708485126495361e-01
-9.316616058349609375e+00 6.008430004119873047e+00 -9.662963867187500000e+00 8.001709729433059692e-02 -1.386318057775497437e-01 -8.821998834609985352e-01 4.428337812423706055e-01
-9.256415367126464844e+00 5.857253074645996094e+00 -9.662628173828125000e+00 7.644880563020706177e-02 -1.439122706651687622e-01 -8.856076598167419434e-01 4.349067211151123047e-01
-9.201358795166015625e+00 5.703284740447998047e+00 -9.664116859436035156e+00 7.324177026748657227e-02 -1.486348062753677368e-01 -8.886601328849792480e-01 4.275821745395660400e-01
-9.147127151489257812e+00 5.548093318939208984e+00 -9.665888786315917969e+00 7.043188810348510742e-02 -1.527736485004425049e-01 -8.913564682006835938e-01 4.209314584732055664e-01
-9.095649719238281250e+00 5.391133785247802734e+00 -9.668806076049804688e+00 6.800659745931625366e-02 -1.563521474599838257e-01 -8.937295675277709961e-01 4.149415791034698486e-01
-9.046754837036132812e+00 5.232471942901611328e+00 -9.672801017761230469e+00 6.594190746545791626e-02 -1.594048738479614258e-01 -8.958170413970947266e-01 4.095772802829742432e-01
-8.999049186706542969e+00 5.075728416442871094e+00 -9.676796913146972656e+00 6.404259800910949707e-02 -1.615896522998809814e-01 -8.977202773094177246e-01 4.048277437686920166e-01
-8.956191062927246094e+00 4.919965744018554688e+00 -9.682469367980957031e+00 6.206130608916282654e-02 -1.624270826578140259e-01 -8.995643854141235352e-01 4.006866216659545898e-01
-8.913974761962890625e+00 4.766237735748291016e+00 -9.688064575195312500e+00 6.048120930790901184e-02 -1.630776226520538330e-01 -9.011729359626770020e-01 3.970327675342559814e-01
-8.873850822448730469e+00 4.614213943481445312e+00 -9.694464683532714844e+00 5.926684662699699402e-02 -1.635642349720001221e-01 -9.025711417198181152e-01 3.938267230987548828e-01
-8.836186408996582031e+00 4.463815689086914062e+00 -9.701894760131835938e+00 5.838326364755630493e-02 -1.639074087142944336e-01 -9.037827849388122559e-01 3.910275995731353760e-01
-8.799102783203125000e+00 4.315485954284667969e+00 -9.709219932556152344e+00 5.779577046632766724e-02 -1.641256809234619141e-01 -9.048300981521606445e-01 3.885933756828308105e-01
-8.763617515563964844e+00 4.169034481048583984e+00 -9.717233657836914062e+00 5.746916681528091431e-02 -1.642363965511322021e-01 -9.057351946830749512e-01 3.864808082580566406e-01
-8.729870796203613281e+00 4.024440765380859375e+00 -9.726047515869140625e+00 5.736929178237915039e-02 -1.642552316188812256e-01 -9.065189957618713379e-01 3.846455812454223633e-01
-8.696653366088867188e+00 3.881947040557861328e+00 -9.734729766845703125e+00 5.746193975210189819e-02 -1.641971617937088013e-01 -9.072019457817077637e-01 3.830430507659912109e-01
-8.664047241210937500e+00 3.741546630859375000e+00 -9.743381500244140625e+00 5.771293491125106812e-02 -1.640765964984893799e-01 -9.078039526939392090e-01 3.816281557083129883e-01
-8.633163452148437500e+00 3.603077411651611328e+00 -9.753206253051757812e+00 5.808845534920692444e-02 -1.639073938131332397e-01 -9.083443284034729004e-01 3.803557753562927246e-01
-8.602769851684570312e+00 3.466735839843750000e+00 -9.762882232666015625e+00 5.855449661612510681e-02 -1.637032479047775269e-01 -9.088427424430847168e-01 3.791798651218414307e-01
-8.572854042053222656e+00 3.332528114318847656e+00 -9.772404670715332031e+00 5.907746404409408569e-02 -1.634776294231414795e-01 -9.093179106712341309e-01 3.780553936958312988e-01
-8.543494224548339844e+00 3.200455188751220703e+00 -9.781925201416015625e+00 5.962333455681800842e-02 -1.632441580295562744e-01 -9.097886085510253906e-01 3.769363164901733398e-01
-8.515118598937988281e+00 3.070492982864379883e+00 -9.792258262634277344e+00 6.015821918845176697e-02 -1.630163639783859253e-01 -9.102736115455627441e-01 3.757772445678710938e-01
-8.487191200256347656e+00 2.942687988281250000e+00 -9.802420616149902344e+00 6.064830347895622253e-02 -1.628078967332839966e-01 -9.107910990715026855e-01 3.745329380035400391e-01
-8.459705352783203125e+00 2.817048311233520508e+00 -9.812412261962890625e+00 6.105966493487358093e-02 -1.626323163509368896e-01 -9.113593101501464844e-01 3.731577396392822266e-01
-8.432700157165527344e+00 2.693630218505859375e+00 -9.822042465209960938e+00 6.106485798954963684e-02 -1.617580205202102661e-01 -9.121242165565490723e-01 3.716650009155273438e-01
-8.406332015991210938e+00 2.572363138198852539e+00 -9.831787109375000000e+00 6.098536774516105652e-02 -1.609355211257934570e-01 -9.129507541656494141e-01 3.700018227100372314e-01
-8.380606651306152344e+00 2.453240871429443359e+00 -9.841657638549804688e+00 6.084609776735305786e-02 -1.601677983999252319e-01 -9.138334989547729492e-01 3.681743741035461426e-01
-8.355307579040527344e+00 2.336286544799804688e+00 -9.851357460021972656e+00 6.067065522074699402e-02 -1.594582498073577881e-01 -9.147669672966003418e-01 3.661878705024719238e-01
-8.330430030822753906e+00 2.221498966217041016e+00 -9.860888481140136719e+00 6.048434972763061523e-02 -1.588096767663955688e-01 -9.157455563545227051e-01 3.640483617782592773e-01
-8.305975914001464844e+00 2.108874559402465820e+00 -9.870256423950195312e+00 6.031094864010810852e-02 -1.582254171371459961e-01 -9.167640209197998047e-01 3.617611229419708252e-01
-8.281977653503417969e+00 1.998409390449523926e+00 -9.879484176635742188e+00 6.017563492059707642e-02 -1.577082872390747070e-01 -9.178168177604675293e-01 3.593320250511169434e-01
-8.258679389953613281e+00 1.890063405036926270e+00 -9.888753890991210938e+00 6.010212376713752747e-02 -1.572616398334503174e-01 -9.188982248306274414e-01 3.567670583724975586e-01
-8.235796928405761719e+00 1.783875703811645508e+00 -9.897861480712890625e+00 6.011561676859855652e-02 -1.568883359432220459e-01 -9.200030565261840820e-01 3.540715277194976807e-01
-8.213331222534179688e+00 1.679846167564392090e+00 -9.906811714172363281e+00 6.024005264043807983e-02 -1.565916091203689575e-01 -9.211256504058837891e-01 3.512516617774963379e-01
-8.191280364990234375e+00 1.577973604202270508e+00 -9.915605545043945312e+00 6.050005927681922913e-02 -1.563745588064193726e-01 -9.222608208656311035e-01 3.483126461505889893e-01
-8.169644355773925781e+00 1.478255629539489746e+00 -9.924243927001953125e+00 6.092014536261558533e-02 -1.562401801347732544e-01 -9.234029054641723633e-01 3.452605307102203369e-01
-8.148424148559570312e+00 1.380690932273864746e+00 -9.932730674743652344e+00 6.152468919754028320e-02 -1.561915576457977295e-01 -9.245461821556091309e-01 3.421010673046112061e-01
-8.127845764160156250e+00 1.285228252410888672e+00 -9.941045761108398438e+00 6.233808770775794983e-02 -1.562318205833435059e-01 -9.256854057312011719e-01 3.388395011425018311e-01
-8.107691764831542969e+00 1.191912770271301270e+00 -9.949214935302734375e+00 6.338473409414291382e-02 -1.563638895750045776e-01 -9.268140792846679688e-01 3.354819715023040771e-01
-8.087945938110351562e+00 1.100746989250183105e+00 -9.957236289978027344e+00 6.468912214040756226e-02 -1.565907895565032959e-01 -9.279268980026245117e-01 3.320337831974029541e-01
-8.068608283996582031e+00 1.011728525161743164e+00 -9.965116500854492188e+00 6.627540290355682373e-02 -1.569154709577560425e-01 -9.290170669555664062e-01 3.285004198551177979e-01
-8.049677848815917969e+00 9.248546957969665527e-01 -9.972853660583496094e+00 6.816817820072174072e-02 -1.573406606912612915e-01 -9.300780892372131348e-01 3.248872458934783936e-01
-8.031154632568359375e+00 8.401269316673278809e-01 -9.980453491210937500e+00 7.039135694503784180e-02 -1.578693687915802002e-01 -9.311032295227050781e-01 3.211994171142578125e-01
-8.013037681579589844e+00 7.575402855873107910e-01 -9.987913131713867188e+00 7.296932488679885864e-02 -1.585041731595993042e-01 -9.320850372314453125e-01 3.174419105052947998e-01
-7.995596885681152344e+00 6.771459579467773438e-01 -9.994668006896972656e+00 7.540105283260345459e-02 -1.577285975217819214e-01 -9.332727789878845215e-01 3.137486577033996582e-01
-7.978610038757324219e+00 5.988916158676147461e-01 -1.000121212005615234e+01 7.810048758983612061e-02 -1.568787992000579834e-01 -9.344280362129211426e-01 3.100539445877075195e-01
-7.962059974670410156e+00 5.227746367454528809e-01 -1.000757312774658203e+01 8.101204037666320801e-02 -1.559743434190750122e-01 -9.355369806289672852e-01 3.063976466655731201e-01
-7.945956230163574219e+00 4.487915039062500000e-01 -1.001375484466552734e+01 8.407837152481079102e-02 -1.550344675779342651e-01 -9.365873336791992188e-01 3.028189539909362793e-01
-7.930309772491455078e+00 3.769347965717315674e-01 -1.001975345611572266e+01 8.724087476730346680e-02 -1.540774554014205933e-01 -9.375687241554260254e-01 2.993561029434204102e-01
-7.915131568908691406e+00 3.071972727775573730e-01 -1.002556991577148438e+01 9.043961763381958008e-02 -1.531211435794830322e-01 -9.384724497795104980e-01 2.960472404956817627e-01
-7.900432109832763672e+00 2.395727485418319702e-01 -1.003120708465576172e+01 9.361362457275390625e-02 -1.521825492382049561e-01 -9.392917752265930176e-01 2.929299175739288330e-01
-7.886220932006835938e+00 1.740576177835464478e-01 -1.003666400909423828e+01 9.670072793960571289e-02 -1.512783467769622803e-01 -9.400213360786437988e-01 2.900408208370208740e-01
-7.872595787048339844e+00 1.106103509664535522e-01 -1.004175472259521484e+01 9.963837265968322754e-02 -1.504247784614562988e-01 -9.406574368476867676e-01 2.874161303043365479e-01
-7.859556198120117188e+00 4.923217743635177612e-02 -1.004650402069091797e+01 1.023631095886230469e-01 -1.496376842260360718e-01 -9.411976933479309082e-01 2.850915193557739258e-01
-7.847089290618896484e+00 -9.764404036104679108e-03 -1.005106449127197266e+01 1.048118919134140015e-01 -1.489325910806655884e-01 -9.416401386260986328e-01 2.831027507781982422e-01
-7.835203170776367188e+00 -6.638550013303756714e-02 -1.005544090270996094e+01 1.069213449954986572e-01 -1.483251452445983887e-01 -9.419839382171630859e-01 2.814846038818359375e-01
-7.823757648468017578e+00 -1.213867142796516418e-01 -1.005968952178955078e+01 1.086287498474121094e-01 -1.478307992219924927e-01 -9.422275424003601074e-01 2.802731096744537354e-01
-7.812763690948486328e+00 -1.747778207063674927e-01 -1.006381607055664062e+01 1.098722964525222778e-01 -1.474651396274566650e-01 -9.423689246177673340e-01 2.795042991638183594e-01
-7.802229404449462891e+00 -2.265612781047821045e-01 -1.006781578063964844e+01 1.105915084481239319e-01 -1.472440659999847412e-01 -9.424052834510803223e-01 2.792148590087890625e-01
-7.792166709899902344e+00 -2.767431437969207764e-01 -1.007169437408447266e+01 1.107272878289222717e-01 -1.471838653087615967e-01 -9.423311948776245117e-01 2.794425785541534424e-01
-7.782584190368652344e+00 -3.253320157527923584e-01 -1.007544994354248047e+01 1.102230623364448547e-01 -1.473013460636138916e-01 -9.421389102935791016e-01 2.802272737026214600e-01
-7.773493289947509766e+00 -3.723364174365997314e-01 -1.007908344268798828e+01 1.090249791741371155e-01 -1.476139575242996216e-01 -9.418169856071472168e-01 2.816102504730224609e-01
-7.764905452728271484e+00 -4.177612066268920898e-01 -1.008259582519531250e+01 1.070826500654220581e-01 -1.481401175260543823e-01 -9.413494467735290527e-01 2.836354076862335205e-01
-7.756963253021240234e+00 -4.616796672344207764e-01 -1.008555603027343750e+01 1.043499708175659180e-01 -1.488991975784301758e-01 -9.407144188880920410e-01 2.863501310348510742e-01
-7.749915599822998047e+00 -5.037378072738647461e-01 -1.008711242675781250e+01 9.921658039093017578e-02 -1.447415947914123535e-01 -9.406971931457519531e-01 2.903356552124023438e-01
-7.743396282196044922e+00 -5.441955327987670898e-01 -1.008836269378662109e+01 9.307272732257843018e-02 -1.400813311338424683e-01 -9.405713677406311035e-01 2.950255870819091797e-01
-7.737371444702148438e+00 -5.830505490303039551e-01 -1.008932590484619141e+01 8.602641522884368896e-02 -1.349884420633316040e-01 -9.403073191642761230e-01 3.003325760364532471e-01
-7.731805801391601562e+00 -6.203027367591857910e-01 -1.009001731872558594e+01 7.818615436553955078e-02 -1.295337229967117310e-01 -9.398770332336425781e-01 3.061684072017669678e-01
-7.726667881011962891e+00 -6.559497117996215820e-01 -1.009045219421386719e+01 6.966139376163482666e-02 -1.237885281443595886e-01 -9.392554163932800293e-01 3.124463856220245361e-01
-7.721924304962158203e+00 -6.899914145469665527e-01 -1.009065437316894531e+01 6.056206673383712769e-02 -1.178253144025802612e-01 -9.384226799011230469e-01 3.190804123878479004e-01
-7.717544555664062500e+00 -7.224230766296386719e-01 -1.009064102172851562e+01 5.099941790103912354e-02 -1.117174476385116577e-01 -9.373638629913330078e-01 3.259862959384918213e-01
-7.713501453399658203e+00 -7.532360553741455078e-01 -1.009043312072753906e+01 4.108538851141929626e-02 -1.055393069982528687e-01 -9.360715150833129883e-01 3.330816924571990967e-01
-7.709768295288085938e+00 -7.824255228042602539e-01 -1.009005832672119141e+01 3.093253821134567261e-02 -9.936641156673431396e-02 -9.345450401306152344e-01 3.402864933013916016e-01
-7.706324100494384766e+00 -8.099828958511352539e-01 -1.008953952789306641e+01 2.065446600317955017e-02 -9.327501058578491211e-02 -9.327919483184814453e-01 3.475231230258941650e-01
-7.703145980834960938e+00 -8.358972072601318359e-01 -1.008890819549560547e+01 1.036427356302738190e-02 -8.734246343374252319e-02 -9.308274984359741211e-01 3.547168970108032227e-01
-7.700219631195068359e+00 -8.601574301719665527e-01 -1.008819389343261719e+01 1.758914440870285034e-04 -8.164668083190917969e-02 -9.286749958992004395e-01 3.617962300777435303e-01
-7.697529792785644531e+00 -8.827502131462097168e-01 -1.008742523193359375e+01 -9.797088801860809326e-03 -7.626622170209884644e-02 -9.263656139373779297e-01 3.686924576759338379e-01
-7.695068359375000000e+00 -9.036608934402465820e-01 -1.008663654327392578e+01 -1.944146677851676941e-02 -7.128010690212249756e-02 -9.239379167556762695e-01 3.753397166728973389e-01
-7.692825317382812500e+00 -9.228759407997131348e-01 -1.008586406707763672e+01 -2.864410728216171265e-02 -6.676749140024185181e-02 -9.214364886283874512e-01 3.816758096218109131e-01
-7.690839767456054688e+00 -9.403967261314392090e-01 -1.008495807647705078e+01 -3.729317337274551392e-02 -6.280805170536041260e-02 -9.189118742942810059e-01 3.876407146453857422e-01
-7.689089775085449219e+00 -9.562011361122131348e-01 -1.008404159545898438e+01 -4.527659714221954346e-02 -5.948109924793243408e-02 -9.164194464683532715e-01 3.931760191917419434e-01
-7.687542438507080078e+00 -9.702599644660949707e-01 -1.008327102661132812e+01 -5.248404666781425476e-02 -5.686645209789276123e-02 -9.140172600746154785e-01 3.982262313365936279e-01
-7.686197280883789062e+00 -9.825573563575744629e-01 -1.008268547058105469e+01 -5.880486220121383667e-02 -5.504350364208221436e-02 -9.117650985717773438e-01 4.027363955974578857e-01
-7.685056209564208984e+00 -9.930785894393920898e-01 -1.008231544494628906e+01 -6.412946432828903198e-02 -5.409179627895355225e-02 -9.097226262092590332e-01 4.066522717475891113e-01
-7.684117794036865234e+00 -1.001812696456909180e+00 -1.008218955993652344e+01 -6.837945431470870972e-02 -5.406668782234191895e-02 -9.079402685165405273e-01 4.099332988262176514e-01
-7.683393955230712891e+00 -1.008758544921875000e+00 -1.008229637145996094e+01 -7.160118222236633301e-02 -5.492717027664184570e-02 -9.064336419105529785e-01 4.125947058200836182e-01
-7.682892322540283203e+00 -1.013917207717895508e+00 -1.008261585235595703e+01 -7.387166470289230347e-02 -5.660776793956756592e-02 -9.052032828330993652e-01 4.146631956100463867e-01
-7.682618618011474609e+00 -1.017292499542236328e+00 -1.008312320709228516e+01 -7.526714354753494263e-02 -5.904243141412734985e-02 -9.042443037033081055e-01 4.161622822284698486e-01
-7.682576656341552734e+00 -1.018889188766479492e+00 -1.008380317687988281e+01 -7.586397975683212280e-02 -6.216505542397499084e-02 -9.035463929176330566e-01 4.171137809753417969e-01
-7.682501792907714844e+00 -1.020098805427551270e+00 -1.008469581604003906e+01 -7.573813199996948242e-02 -6.590928137302398682e-02 -9.030957818031311035e-01 4.175375699996948242e-01
-7.682392597198486328e+00 -1.020924091339111328e+00 -1.008577728271484375e+01 -7.496495544910430908e-02 -7.020831853151321411e-02 -9.028757214546203613e-01 4.174523353576660156e-01
-7.682249546051025391e+00 -1.021370768547058105e+00 -1.008702850341796875e+01 -7.362050563097000122e-02 -7.499568164348602295e-02 -9.028676748275756836e-01 4.168761670589447021e-01
-7.682073116302490234e+00 -1.021445274353027344e+00 -1.008842372894287109e+01 -7.177984714508056641e-02 -8.020418882369995117e-02 -9.030523300170898438e-01 4.158260226249694824e-01
-7.680670738220214844e+00 -1.027321696281433105e+00 -1.009023666381835938e+01 -6.951884925365447998e-02 -8.576709777116775513e-02 -9.034101963043212891e-01 4.143201112747192383e-01
-7.678041934967041016e+00 -1.039006352424621582e+00 -1.009244728088378906e+01 -6.691280007362365723e-02 -9.161717444658279419e-02 -9.039222002029418945e-01 4.123757183551788330e-01
-7.674184799194335938e+00 -1.056501388549804688e+00 -1.009502887725830078e+01 -6.403790414333343506e-02 -9.768758714199066162e-02 -9.045703411102294922e-01 4.100108742713928223e-01
-7.669105052947998047e+00 -1.079814434051513672e+00 -1.009795761108398438e+01 -6.096982210874557495e-02 -1.039112880825996399e-01 -9.053378701210021973e-01 4.072450399398803711e-01
-7.662802696228027344e+00 -1.108945250511169434e+00 -1.010121059417724609e+01 -5.778448283672332764e-02 -1.102214008569717407e-01 -9.062102437019348145e-01 4.040979444980621338e-01
-7.655282020568847656e+00 -1.143898844718933105e+00 -1.010476207733154297e+01 -5.455796048045158386e-02 -1.165511161088943481e-01 -9.071749448776245117e-01 4.005905091762542725e-01
-7.646545886993408203e+00 -1.184676527976989746e+00 -1.010858821868896484e+01 -5.136705562472343445e-02 -1.228341609239578247e-01 -9.082218408584594727e-01 3.967445194721221924e-01
-7.636602401733398438e+00 -1.231279253959655762e+00 -1.011266613006591797e+01 -4.828751087188720703e-02 -1.290040165185928345e-01 -9.093430042266845703e-01 3.925832509994506836e-01
-7.625458240509033203e+00 -1.283710956573486328e+00 -1.011697387695312500e+01 -4.539641365408897400e-02 -1.349949836730957031e-01 -9.105330109596252441e-01 3.881303071975708008e-01
-7.613121032714843750e+00 -1.341970205307006836e+00 -1.012148761749267578e+01 -4.277000576257705688e-02 -1.407413631677627563e-01 -9.117885828018188477e-01 3.834111690521240234e-01
-7.600060462951660156e+00 -1.406209707260131836e+00 -1.012403869628906250e+01 -4.048497974872589111e-02 -1.461779624223709106e-01 -9.131084680557250977e-01 3.784520030021667480e-01
-7.585920333862304688e+00 -1.476308584213256836e+00 -1.012631416320800781e+01 -3.859892487525939941e-02 -1.512519866228103638e-01 -9.144918918609619141e-01 3.732794523239135742e-01
-7.570659637451171875e+00 -1.552254557609558105e+00 -1.012854385375976562e+01 -3.709644451737403870e-02 -1.559607088565826416e-01 -9.159332513809204102e-01 3.679215312004089355e-01
-7.554282665252685547e+00 -1.634051442146301270e+00 -1.013073062896728516e+01 -3.594291210174560547e-02 -1.603135615587234497e-01 -9.174248576164245605e-01 3.624075651168823242e-01
-7.537624359130859375e+00 -1.721791982650756836e+00 -1.012910175323486328e+01 -3.510409221053123474e-02 -1.643200665712356567e-01 -9.189588427543640137e-01 3.567650616168975830e-01
-7.520204067230224609e+00 -1.815428376197814941e+00 -1.012587356567382812e+01 -3.454570099711418152e-02 -1.679896712303161621e-01 -9.205265641212463379e-01 3.510226905345916748e-01
-7.502797126770019531e+00 -1.914668560028076172e+00 -1.011775588989257812e+01 -3.423292934894561768e-02 -1.713319122791290283e-01 -9.221194982528686523e-01 3.452086448669433594e-01
-7.486700057983398438e+00 -2.018566131591796875e+00 -1.009953689575195312e+01 -3.413137048482894897e-02 -1.743562221527099609e-01 -9.237292408943176270e-01 3.393511772155761719e-01
-7.492403507232666016e+00 -2.058765888214111328e+00 -1.003206539154052734e+01 -3.420630842447280884e-02 -1.770721822977066040e-01 -9.253472089767456055e-01 3.334781825542449951e-01
-7.519950866699218750e+00 -1.954486608505249023e+00 -9.982061386108398438e+00 -3.442360088229179382e-02 -1.794894337654113770e-01 -9.269654750823974609e-01 3.276177346706390381e-01
-7.545279979705810547e+00 -1.834339499473571777e+00 -9.953736305236816406e+00 -3.474844619631767273e-02 -1.816176474094390869e-01 -9.285760521888732910e-01 3.217981755733489990e-01
-7.569356918334960938e+00 -1.705665230751037598e+00 -9.935945510864257812e+00 -3.514701128005981445e-02 -1.834668219089508057e-01 -9.301712512969970703e-01 3.160478472709655762e-01
-7.592533588409423828e+00 -1.569803476333618164e+00 -9.926118850708007812e+00 -3.558429330587387085e-02 -1.850465387105941772e-01 -9.317437410354614258e-01 3.103949129581451416e-01
-7.615119934082031250e+00 -1.427429199218750000e+00 -9.922351837158203125e+00 -3.602603450417518616e-02 -1.863668859004974365e-01 -9.332870244979858398e-01 3.048682808876037598e-01
-7.637368202209472656e+00 -1.278879404067993164e+00 -9.923235893249511719e+00 -3.643800318241119385e-02 -1.874379217624664307e-01 -9.347947835922241211e-01 2.994962632656097412e-01
-7.659481048583984375e+00 -1.124317646026611328e+00 -9.927703857421875000e+00 -3.678585216403007507e-02 -1.882697045803070068e-01 -9.362608194351196289e-01 2.943074405193328857e-01
-7.681622028350830078e+00 -9.638220071792602539e-01 -9.934902191162109375e+00 -3.703547641634941101e-02 -1.888724267482757568e-01 -9.376798272132873535e-01 2.893307209014892578e-01
-7.703872680664062500e+00 -7.974157333374023438e-01 -9.944228172302246094e+00 -3.715265169739723206e-02 -1.892563402652740479e-01 -9.390458464622497559e-01 2.845953404903411865e-01
-7.726408958435058594e+00 -6.251000761985778809e-01 -9.954844474792480469e+00 -3.710294514894485474e-02 -1.894316673278808594e-01 -9.403545260429382324e-01 2.801293134689331055e-01
-7.749363422393798828e+00 -4.468603432178497314e-01 -9.966135025024414062e+00 -3.685277700424194336e-02 -1.894087344408035278e-01 -9.416004419326782227e-01 2.759618163108825684e-01
-7.774382591247558594e+00 -2.629504203796386719e-01 -9.978432655334472656e+00 -3.636707365512847900e-02 -1.891975551843643188e-01 -9.427785873413085938e-01 2.721217870712280273e-01
-7.803451538085937500e+00 -7.372192293405532837e-02 -9.992224693298339844e+00 -3.564495965838432312e-02 -1.887211054563522339e-01 -9.439042806625366211e-01 2.686234116554260254e-01
-7.838909626007080078e+00 1.202661097049713135e-01 -1.000817203521728516e+01 -3.462620452046394348e-02 -1.882097870111465454e-01 -9.449418187141418457e-01 2.654488384723663330e-01
-7.883724689483642578e+00 3.181189000606536865e-01 -1.002703094482421875e+01 -3.334874659776687622e-02 -1.875821053981781006e-01 -9.459198713302612305e-01 2.625572085380554199e-01
-7.941782474517822266e+00 5.182361006736755371e-01 -1.004978847503662109e+01 -3.184149041771888733e-02 -1.867809593677520752e-01 -9.468614459037780762e-01 2.599082589149475098e-01
-8.018117904663085938e+00 7.177270054817199707e-01 -1.007774162292480469e+01 -3.009731695055961609e-02 -1.858813762664794922e-01 -9.477622509002685547e-01 2.574665546417236328e-01
-8.118867874145507812e+00 9.115148782730102539e-01 -1.011238861083984375e+01 -2.812325954437255859e-02 -1.849026978015899658e-01 -9.486284255981445312e-01 2.551945447921752930e-01
-8.250415802001953125e+00 1.091279268264770508e+00 -1.015517902374267578e+01 -2.592797577381134033e-02 -1.838643252849578857e-01 -9.494657516479492188e-01 2.530540525913238525e-01
-8.411075592041015625e+00 1.252458453178405762e+00 -1.020521450042724609e+01 -2.351903915405273438e-02 -1.827857494354248047e-01 -9.502796530723571777e-01 2.510073184967041016e-01
-8.596727371215820312e+00 1.392526865005493164e+00 -1.026049423217773438e+01 -2.090470120310783386e-02 -1.816860884428024292e-01 -9.510751962661743164e-01 2.490162998437881470e-01
-8.799719810485839844e+00 1.517102003097534180e+00 -1.031803417205810547e+01 -1.809219270944595337e-02 -1.805844753980636597e-01 -9.518569707870483398e-01 2.470429092645645142e-01
-9.013438224792480469e+00 1.626018047332763672e+00 -1.036948299407958984e+01 -1.508984714746475220e-02 -1.795002073049545288e-01 -9.526294469833374023e-01 2.450490742921829224e-01
-8.876292228698730469e+00 1.605104923248291016e+00 -1.028518009185791016e+01 -1.190565153956413269e-02 -1.784522533416748047e-01 -9.533969163894653320e-01 2.429962605237960815e-01
-8.658007621765136719e+00 1.521982431411743164e+00 -1.020513248443603516e+01 -8.547268807888031006e-03 -1.774597615003585815e-01 -9.541634321212768555e-01 2.408464252948760986e-01
-8.442098617553710938e+00 1.423067569732666016e+00 -1.013627529144287109e+01 -5.022868514060974121e-03 -1.765417307615280151e-01 -9.549325704574584961e-01 2.385612428188323975e-01
-8.230889320373535156e+00 1.307058095932006836e+00 -1.007958316802978516e+01 -1.340050250291824341e-03 -1.757169514894485474e-01 -9.557078480720520020e-01 2.361020892858505249e-01
-8.024870872497558594e+00 1.175884962081909180e+00 -1.003669548034667969e+01 2.492874860763549805e-03 -1.750044077634811401e-01 -9.564921855926513672e-01 2.334307730197906494e-01
-7.823933124542236328e+00 1.032297372817993164e+00 -1.001017189025878906e+01 6.468307226896286011e-03 -1.744228005409240723e-01 -9.572880864143371582e-01 2.305088341236114502e-01
-7.627150535583496094e+00 8.803759813308715820e-01 -1.000142955780029297e+01 1.057805120944976807e-02 -1.739907562732696533e-01 -9.580977559089660645e-01 2.272971868515014648e-01
-7.433619976043701172e+00 7.238036990165710449e-01 -1.001191139221191406e+01 1.481386087834835052e-02 -1.737268418073654175e-01 -9.589223861694335938e-01 2.237576246261596680e-01
-7.241334915161132812e+00 5.673901438713073730e-01 -1.004185676574707031e+01 1.916823536157608032e-02 -1.736492216587066650e-01 -9.597625136375427246e-01 2.198509573936462402e-01
-7.043321609497070312e+00 4.205834865570068359e-01 -1.008386421203613281e+01 2.338157966732978821e-02 -1.726604998111724854e-01 -9.608156085014343262e-01 2.155803591012954712e-01
-6.833986282348632812e+00 2.903869450092315674e-01 -1.012817001342773438e+01 2.765736728906631470e-02 -1.716847866773605347e-01 -9.618995189666748047e-01 2.109708636999130249e-01
-6.621540546417236328e+00 1.838696300983428955e-01 -1.016674041748046875e+01 3.198289871215820312e-02 -1.707302778959274292e-01 -9.629957675933837891e-01 2.060761451721191406e-01
-6.407425880432128906e+00 1.019702106714248657e-01 -1.019541835784912109e+01 3.634527698159217834e-02 -1.698042601346969604e-01 -9.640875458717346191e-01 2.009490132331848145e-01
-6.196097850799560547e+00 3.915527090430259705e-02 -1.021501731872558594e+01 4.072875529527664185e-02 -1.689133048057556152e-01 -9.651599526405334473e-01 1.956417411565780640e-01
-5.991032123565673828e+00 -1.103027351200580597e-02 -1.022878360748291016e+01 4.511706531047821045e-02 -1.680629402399063110e-01 -9.661991596221923828e-01 1.902063488960266113e-01
-5.793791294097900391e+00 -5.233520269393920898e-02 -1.023863410949707031e+01 4.949180036783218384e-02 -1.672577261924743652e-01 -9.671936035156250000e-01 1.846939176321029663e-01
-5.605210304260253906e+00 -8.727538585662841797e-02 -1.024583244323730469e+01 5.383304134011268616e-02 -1.665013730525970459e-01 -9.681336283683776855e-01 1.791549921035766602e-01
-5.425674915313720703e+00 -1.170690879225730896e-01 -1.025099372863769531e+01 5.811980739235877991e-02 -1.657965332269668579e-01 -9.690110683441162109e-01 1.736402213573455811e-01
-5.254848480224609375e+00 -1.381445229053497314e-01 -1.025497245788574219e+01 6.232936307787895203e-02 -1.651448756456375122e-01 -9.698202013969421387e-01 1.681991815567016602e-01
-5.093454360961914062e+00 -1.544812023639678955e-01 -1.025847053527832031e+01 6.643801182508468628e-02 -1.645470708608627319e-01 -9.705564975738525391e-01 1.628812253475189209e-01
-4.941308498382568359e+00 -1.629187017679214478e-01 -1.026151371002197266e+01 7.042142748832702637e-02 -1.640028506517410278e-01 -9.712173938751220703e-01 1.577357053756713867e-01
-4.799076557159423828e+00 -1.705822646617889404e-01 -1.026435661315917969e+01 7.425422221422195435e-02 -1.635109782218933105e-01 -9.718018770217895508e-01 1.528115719556808472e-01
-4.666559219360351562e+00 -1.709582507610321045e-01 -1.026709651947021484e+01 7.791094481945037842e-02 -1.630693823099136353e-01 -9.723104238510131836e-01 1.481577455997467041e-01
-4.528239727020263672e+00 -1.714062392711639404e-01 -1.026995944976806641e+01 8.136606216430664062e-02 -1.626751273870468140e-01 -9.727441668510437012e-01 1.438232064247131348e-01
-4.384135723114013672e+00 -1.716162115335464478e-01 -1.027296352386474609e+01 8.459429442882537842e-02 -1.623246073722839355e-01 -9.731056094169616699e-01 1.398569196462631226e-01
-4.234353542327880859e+00 -1.659472584724426270e-01 -1.027639102935791016e+01 8.757121115922927856e-02 -1.620135009288787842e-01 -9.733975529670715332e-01 1.363085955381393433e-01
-4.078813552856445312e+00 -1.601025313138961792e-01 -1.027995681762695312e+01 9.027313441038131714e-02 -1.617371588945388794e-01 -9.736231565475463867e-01 1.332276016473770142e-01
-3.917527675628662109e+00 -1.540881246328353882e-01 -1.028366184234619141e+01 9.267799556255340576e-02 -1.614904552698135376e-01 -9.737856984138488770e-01 1.306643337011337280e-01
-3.750621557235717773e+00 -1.455371081829071045e-01 -1.028759288787841797e+01 9.476589411497116089e-02 -1.612681746482849121e-01 -9.738870859146118164e-01 1.286695301532745361e-01
-3.578272819519042969e+00 -1.354870647192001343e-01 -1.029075908660888672e+01 9.600902348756790161e-02 -1.571229696273803711e-01 -9.745746254920959473e-01 1.276677548885345459e-01
-3.400233745574951172e+00 -1.251184046268463135e-01 -1.029394340515136719e+01 9.687417745590209961e-02 -1.524685472249984741e-01 -9.752759933471679688e-01 1.273001134395599365e-01
-3.216518163681030273e+00 -1.139050275087356567e-01 -1.029716205596923828e+01 9.738560020923614502e-02 -1.473779380321502686e-01 -9.759801030158996582e-01 1.275095641613006592e-01
-3.027143478393554688e+00 -1.012646481394767761e-01 -1.030042171478271484e+01 9.756801277399063110e-02 -1.419240087270736694e-01 -9.766742587089538574e-01 1.282391250133514404e-01
-2.832027435302734375e+00 -8.827026188373565674e-02 -1.030375003814697266e+01 9.744581580162048340e-02 -1.361796855926513672e-01 -9.773468375205993652e-01 1.294315308332443237e-01
-2.631153821945190430e+00 -7.490600645542144775e-02 -1.030715179443359375e+01 9.704362601041793823e-02 -1.302180886268615723e-01 -9.779862165451049805e-01 1.310297101736068726e-01
-2.424514055252075195e+00 -6.097778305411338806e-02 -1.031052017211914062e+01 9.638609737157821655e-02 -1.241126433014869690e-01 -9.785822629928588867e-01 1.329766958951950073e-01
-2.212079048156738281e+00 -4.669799655675888062e-02 -1.031400203704833984e+01 9.549806267023086548e-02 -1.179368421435356140e-01 -9.791259765625000000e-01 1.352157443761825562e-01
-1.993824124336242676e+00 -3.218872100114822388e-02 -1.031758785247802734e+01 9.440481662750244141e-02 -1.117646098136901855e-01 -9.796109795570373535e-01 1.376903206110000610e-01
-1.769653916358947754e+00 -1.858032122254371643e-02 -1.032102298736572266e+01 9.313140809535980225e-02 -1.056700497865676880e-01 -9.800325632095336914e-01 1.403442770242691040e-01
-1.539635419845581055e+00 -4.658203106373548508e-03 -1.032461547851562500e+01 9.170341491699218750e-02 -9.972759336233139038e-02 -9.803881049156188965e-01 1.431216448545455933e-01
-1.303695321083068848e+00 8.652343414723873138e-03 -1.032816028594970703e+01 9.014668315649032593e-02 -9.401187300682067871e-02 -9.806777834892272949e-01 1.459670662879943848e-01
-1.061803817749023438e+00 2.112792991101741791e-02 -1.033162212371826172e+01 8.848693221807479858e-02 -8.859775960445404053e-02 -9.809035062789916992e-01 1.488248407840728760e-01
-8.139913678169250488e-01 3.345458954572677612e-02 -1.033518505096435547e+01 8.675034344196319580e-02 -8.356020599603652954e-02 -9.810693860054016113e-01 1.516407132148742676e-01
-5.721523761749267578e-01 4.294311255216598511e-02 -1.033813095092773438e+01 8.496314287185668945e-02 -7.897440344095230103e-02 -9.811816811561584473e-01 1.543598026037216187e-01
-3.363996744155883789e-01 5.216796696186065674e-02 -1.034109115600585938e+01 8.315159380435943604e-02 -7.491549104452133179e-02 -9.812476634979248047e-01 1.569278091192245483e-01
-1.065856143832206726e-01 5.723876878619194031e-02 -1.034315490722656250e+01 8.134198188781738281e-02 -7.145877182483673096e-02 -9.812764525413513184e-01 1.592911034822463989e-01
1.171687319874763489e-01 6.210815161466598511e-02 -1.034528827667236328e+01 7.956082373857498169e-02 -6.867946684360504150e-02 -9.812770485877990723e-01 1.613955497741699219e-01
3.349368870258331299e-01 6.153930351138114929e-02 -1.034624576568603516e+01 7.783437520265579224e-02 -6.665279716253280640e-02 -9.812588095664978027e-01 1.631879061460494995e-01
5.466600060462951660e-01 6.006591767072677612e-02 -1.034713935852050781e+01 7.618869841098785400e-02 -6.545394659042358398e-02 -9.812304377555847168e-01 1.646137833595275879e-01
7.522521615028381348e-01 5.289794877171516418e-02 -1.034682559967041016e+01 7.464662194252014160e-02 -6.513121724128723145e-02 -9.811986088752746582e-01 1.656349599361419678e-01
9.516220688819885254e-01 4.248534888029098511e-02 -1.034588146209716797e+01 7.321745902299880981e-02 -6.562621146440505981e-02 -9.811652302742004395e-01 1.662745177745819092e-01
1.144720792770385742e+00 2.817504853010177612e-02 -1.034413051605224609e+01 7.190680503845214844e-02 -6.685353070497512817e-02 -9.811288118362426758e-01 1.665713042020797729e-01
1.330787658691406250e+00 4.747314378619194031e-03 -1.034029006958007812e+01 7.072025537490844727e-02 -6.872782856225967407e-02 -9.810869693756103516e-01 1.665636152029037476e-01
1.509142160415649414e+00 -2.787841670215129852e-02 -1.033431625366210938e+01 6.966333836317062378e-02 -7.116357982158660889e-02 -9.810355305671691895e-01 1.662891358137130737e-01
1.676954507827758789e+00 -7.706420868635177612e-02 -1.032439899444580078e+01 6.874148547649383545e-02 -7.407525926828384399e-02 -9.809701442718505859e-01 1.657858490943908691e-01
1.797133088111877441e+00 -1.820861846208572388e-01 -1.030079555511474609e+01 6.796023249626159668e-02 -7.737730443477630615e-02 -9.808868169784545898e-01 1.650919169187545776e-01
