276 0.433576 0.753721 1.32491 0.31913 -0.233647 -1.65303 -1.88894
277 0.449411 0.744934 1.32571 0.310358 -0.212601 -1.64728 -1.85506
278 0.407733 0.708372 1.23117 0.259081 -0.303402 -1.56398 -1.6052
279 0 0 0 0 0 0 1
280 0 0 0 0 0 0 1
281 0 0 0 0 0 0 1
282 0 0 0 0 0 0 1
283 0 0 0 0 0 0 1
284 -0.426256 0.673825 1.05092 0.596214 -0.0401927 -1.43157 -1.40647
285 -0.409621 0.584374 0.705207 -0.93778 -0.599446 -1.60906 -2.82783
286 -0.506283 0.644643 0.915213 0.807305 -0.10532 -1.39181 -1.59996
287 -0.621765 0.643431 0.87507 0.526363 -0.26135 -1.30914 -1.05921
288 -0.643928 0.610541 0.818355 0.813534 -0.251935 -1.29649 -1.4062
289 -0.674856 0.617024 0.802506 0.748264 -0.31446 -1.29375 -1.33257
290 -0.674772 0.609185 0.832327 0.768551 -0.247443 -1.28852 -1.31219
291 0 0 0 0 0 0 1
292 0 0 0 0 0 0 1
293 0 0 0 0 0 0 1
294 0 0 0 0 0 0 1
295 -0.0563316 0.69362 1.10274 0.498799 -0.283448 -1.51323 -1.619
296 0.0558399 0.697385 1.12164 0.336441 -0.342041 -1.51201 -1.51635
297 0.215075 0.801093 1.51299 -1.12615 0.354762 -1.47469 -2.56878
298 0.155823 0.713422 1.18016 0.351157 -0.296398 -1.52061 -1.52343
299 0.148778 0.71686 1.22418 0.269836 -0.294712 -1.51761 -1.46279
300 0.0932409 0.699615 1.13018 0.361037 -0.324617 -1.50057 -1.48743
301 0.0340448 0.667487 1.12165 0.350074 -0.335267 -1.50124 -1.48868
302 -0.0119912 0.587674 1.26517 0.310031 -0.193215 -1.55532 -1.55247
303 -0.0799194 0.497198 1.2176 0.281769 -0.260217 -1.52429 -1.47056
304 -0.132325 0.426565 1.34638 0.182495 -0.0828172 -1.5538 -1.45445
305 -0.18534 0.381642 1.26392 0.287353 -0.177791 -1.52407 -1.43698
306 -0.217952 0.366602 1.25377 0.382353 -0.113951 -1.52663 -1.48977
307 -0.246887 0.389628 1.34522 0.378441 0.0373858 -1.54966 -1.54607
308 -0.251937 0.450967 1.23505 0.426001 -0.0925774 -1.53241 -1.53833
309 -0.264306 0.528319 1.2088 -0.694771 -0.114188 -1.51606 -1.79419
310 -0.260452 0.606488 1.13812 0.45883 -0.169946 -1.51552 -1.53621
311 -0.261581 0.669361 1.05672 0.54917 -0.199281 -1.51192 -1.6272
312 -0.273041 0.708975 0.913157 0.39519 -0.378056 -1.43975 -1.37197
313 -0.272983 0.755092 0.890621 0.557173 -0.316153 -1.45787 -1.53578
314 -0.277351 0.806011 0.933279 0.568434 -0.258118 -1.47657 -1.57001
315 -0.279128 0.837022 0.9 0.606436 -0.250403 -1.46595 -1.57947
316 -0.264483 0.811022 0.917314 0.599435 -0.257117 -1.4678 -1.57987
317 -0.260941 0.787287 0.925734 0.547695 -0.283258 -1.47167 -1.54602
318 -0.274659 0.746412 0.902811 0.579823 -0.273112 -1.44719 -1.50514
319 -0.271031 0.739846 0.889685 0.620889 -0.28608 -1.45553 -1.5859
320 -0.272163 0.735947 0.895964 0.583089 -0.299083 -1.44109 -1.50618
321 -0.258293 0.761659 0.904451 0.595361 -0.289142 -1.48209 -1.63464
322 -0.264769 0.771706 0.995949 0.571205 -0.185945 -1.51032 -1.64192
323 -0.25725 0.758801 0.931121 0.581199 -0.252156 -1.49538 -1.63752
324 -0.275732 0.748231 0.997703 0.595883 -0.160772 -1.49009 -1.60128
325 -0.274887 0.715201 0.91018 0.614046 -0.24778 -1.45835 -1.56524
326 -0.271182 0.69936 0.882682 0.582443 -0.262407 -1.46156 -1.54426
327 -0.267422 0.682712 0.88146 0.599225 -0.257878 -1.45348 -1.53817
328 -0.255571 0.673188 0.85942 0.556237 -0.300628 -1.4512 -1.50575
329 -0.252207 0.669197 0.861641 0.550035 -0.311634 -1.44674 -1.49271
330 -0.22305 0.665625 0.804207 0.599124 -0.384218 -1.46899 -1.66449
331 -0.262793 0.65931 0.866588 0.573971 -0.281587 -1.44517 -1.49726
332 -0.259061 0.656796 0.851387 0.564721 -0.324923 -1.44415 -1.51006
333 -0.271987 0.672415 0.923604 0.497495 -0.254859 -1.43052 -1.35883
334 -0.259842 0.705242 1.02622 0.573385 -0.150975 -1.48161 -1.54673
335 -0.270813 0.722622 0.894424 0.54634 -0.270735 -1.44913 -1.47175
336 -0.289153 0.763876 0.853378 0.578582 -0.294473 -1.42737 -1.45886
337 -0.325702 0.783021 0.921246 0.581365 -0.210798 -1.39953 -1.34109
338 -0.332041 0.775019 0.859149 0.573427 -0.279812 -1.37352 -1.29367
339 -0.341026 0.783507 0.903346 0.605804 -0.216898 -1.38984 -1.34569
340 -0.339313 0.778097 0.880772 0.656543 -0.232833 -1.39112 -1.42049
341 -0.369434 0.758672 0.902933 0.594169 -0.207585 -1.35354 -1.22819
342 -0.372351 0.754457 0.893095 0.596383 -0.245539 -1.33917 -1.20935
343 -0.369937 0.765751 0.895491 0.5837 -0.269487 -1.34298 -1.21693
344 -0.381243 0.79657 0.975002 0.635739 -0.127995 -1.37395 -1.30829
345 -0.367441 0.812782 0.959336 0.593181 -0.175646 -1.37261 -1.26676
346 -0.358448 0.849186 1.04355 0.590366 -0.106043 -1.39642 -1.30976
347 -0.364249 0.828345 0.987712 0.576137 -0.18865 -1.33652 -1.15382
348 -0.348295 0.83019 1.00602 0.576594 -0.161364 -1.35791 -1.20243
349 -0.325956 0.748494 1.00627 0.702047 -0.139053 -1.34652 -1.32533
350 0 0 0 0 0 0 1
351 -0.309616 0.608584 1.19409 0.439856 -0.170072 -1.38418 -1.13835
352 -0.344994 0.535531 1.35851 0.452961 0.0521497 -1.39792 -1.16207
353 -0.352742 0.478731 1.25664 0.506516 -0.0623687 -1.37737 -1.1576
