356 2.9571868512784341 -0.69691911763735004 4.3231322663225589 0.004890151143275674 -0.027149717081644147 -0.0083293415368344576 0.99958471444582697
361 2.8896303956365101 -0.32077254484086315 2.6050123246133281 0.00057696362638462396 -0.0012046493921050695 -0.00062959487180377016 0.9999989097709624
366 2.6994898787763804 0.2031303134283696 0.051258127166555693 0.014811718087179822 0.016987853473169733 0.0039507871280620088 0.99973817428502187
369 3.0543762693358989 0.46383382583238181 -1.105181377121357 0.02992267935013352 0.020615645039038059 -0.0085167114784641066 0.99930330434044201
353 2.9628891448889756 -0.19585337610500997 3.8237182120411397 -0.0025403505466533092 -0.0073594175527891652 -0.0026350817509056923 0.99996622039774419
363 2.6980941887109497 0.02361522747312772 1.5330997178692338 -0.0010551672425543354 0.010524554044530413 0.0040647104385286188 0.9999357971956524
355 2.9572392979980795 -0.58973608305918435 4.2455255945354908 0.0048582011086931651 -0.0213296193627227 -0.0080906048630557045 0.99972795666260073
358 3.0213916165403787 -0.62533242304507475 4.0015837955965292 0.0019746475050410723 -0.020629987302201985 -0.0062073744743212705 0.99976595905905774
368 2.8945379306383181 0.28564855963392055 -0.69039732098331674 0.030593830393719209 0.016718029436004998 -0.0025069021805307159 0.99938893353642577
357 2.9876231547099819 -0.67984772481293698 4.245234758082006 0.0044821178488827417 -0.026437145780941425 -0.0060900552333545124 0.99962187809681358
370 3.1666821589271867 0.59315834929887279 -1.3621596422640951 0.031311123373854159 0.018418494845467807 -0.011258339268024106 0.99927654950850364
365 2.6495613183098623 0.25796277354123831 0.43382908921800578 0.0049772606613401578 0.016611818444297578 0.0060339043935427866 0.99983141897124461
352 2.9364862674655301 0.057445088095531734 3.615338097775902 -0.013344373321501648 -0.0023758458001097073 -0.0041620200008852136 0.99989947527084078
373 3.3547943542353336 0.88239138488326097 -2.0987480141813344 0.0337986694329339 0.007281164813414169 -0.011120632634780813 0.99934026543181254
362 2.8142250906285864 -0.19421090713893999 2.1059792682384124 0.0013565651842794505 0.0057726224092776932 4.7225118577511907e-05 0.99998241701102375
367 2.7723872761978154 0.20416827100296042 -0.27481148385836529 0.024778529375495628 0.017898535861333543 0.0020256913902284507 0.9995306716006267
359 3.0114929606733467 -0.58382236014407263 3.603951529710208 0.0023958574007464997 -0.014949185087956885 -0.0041929330924800438 0.99987659290764641
372 3.3167000725291382 0.82031832563300466 -1.8569180145600932 0.031697964123091067 0.0094824430110504541 -0.011086338327533083 0.99939102229681898
375 3.3661352434494689 0.94078861083296728 -2.393353851505295 0.037046483396486994 0.0084496579261794501 -0.012146532004915798 0.99920399474238397
374 3.3676331459161766 0.91284197562266067 -2.2615821935349421 0.035608494162964528 0.0075781329558816668 -0.011865701012522384 0.99926663718140341
364 2.636137440955074 0.19047966063357694 0.98119594868350213 -0.00073547257062287516 0.015008960063324119 0.0048267106838467636 0.9998754387731954
371 3.2722191165147674 0.72943628498469415 -1.6583233881653261 0.029336752752972959 0.013211231172145527 -0.011780724635686314 0.99941284404188302
354 2.9477708243228933 -0.36790525685307773 4.0187686741143889 0.0017006793392584593 -0.014536457748262505 -0.0035830639484688998 0.99988647392524477
360 2.9699759015124245 -0.5210705906870714 3.11554578675723 0.0057787487331314507 -0.0071253212335607797 -0.0035524720093012717 0.99995160673055627
376 3.370212720444004 0.93155654204017979 -2.473779087948361 0.038269643552989646 0.0068255808565002157 -0.011921336491436499 0.99917302183583623
377 3.3601037396103033 0.93365140499803001 -2.5215753201902471 0.038431378882182635 0.0060013249048785277 -0.011459741807571363 0.9991775055185661
391 0.93092686030049165 0.4774367605723146 -1.1921864824914634 -0.020232300176356785 0.046544421468519136 0.0009735289817594786 0.99871083057162069
379 3.3093012738045884 0.91350385912085763 -2.4598271487640773 0.037337900490673773 -0.00058360580074871978 -0.013562470906192848 0.99921048832272408
378 3.3380007301699295 0.91630853106936638 -2.5102102304191369 0.037404769727722338 0.002910725815152582 -0.012577698041378555 0.99921679949289532
389 1.2930779497987708 0.55712723963108568 -1.3300728173087375 -0.012176962381693383 0.040564884537382717 0.0013449360014806165 0.99910179805502086
390 1.0994935600771882 0.48420238257306764 -1.2487102540513417 -0.017653629779668532 0.043099206611260564 0.0010071351837072926 0.99891430734763431
384 2.7943801337926133 0.65171535330869679 -1.7812294665227815 0.020674513478275758 -0.0023201910218651959 -0.017216758401399811 0.99963531572079156
387 1.8847874762587546 0.60848261895011024 -1.5901501293281437 0.0043533725538205288 0.025740126858235509 -0.009052116045554821 0.99961820372171473
393 0.69188833218010037 0.46173288406714108 -1.1477376730402606 -0.022310711035730079 0.049847214640954964 -0.0012104791210479622 0.99850689637373879
392 0.77325227003435038 0.46119726549521484 -1.1651040428397532 -0.020175864493281508 0.048192631475201662 -0.0013444064997733124 0.99863336482144816
380 3.2598032681108049 0.87564117587167378 -2.3476223318497511 0.035325947355172568 0.00027491902525527816 -0.013472344430478385 0.99928499328196441
385 2.5512984617197785 0.62782970316870901 -1.7451876818870067 0.016732498578423932 0.0050664338649396637 -0.015551304434031183 0.99972621835661357
382 3.1535300670035658 0.75191729014778463 -2.0579024856636785 0.029313820992057968 -0.001428331869761274 -0.016084382147761905 0.99943981930771608
397 0.47079466468736736 0.51396791291231114 -1.1474671934335845 -0.022140292004284953 0.056295719458857238 -0.0036873589284744444 0.99816181194469034
381 3.2173185452792832 0.82174387174186592 -2.2248955116747382 0.031071898162639638 0.0012135892048424615 -0.014351702557641529 0.99941337442497213
386 2.1666070475952206 0.63137144717337057 -1.6728071023653253 0.010836300026948636 0.016865486927586479 -0.012659212094647161 0.99971889764151411
395 0.56791245658238931 0.50795449207380838 -1.1086286013121176 -0.028558559232983897 0.052823466530376798 -0.0036949434231008165 0.99818857811104533
398 0.41166995202081513 0.53047180079987633 -1.1419867265048136 -0.023690736818433603 0.056274302615031142 -0.0044661088334951938 0.99812424363206365
388 1.6176742410963358 0.59212307239429829 -1.4739595521015589 -0.0037652920163713409 0.033624354810715129 -0.0033763897997203642 0.99942174547661056
396 0.51134429797550629 0.49911790448133114 -1.1248451725779369 -0.021877507884916176 0.054577600311072776 -0.0035278795124181594 0.99826359958638988
399 0.37937771546173799 0.53243695980511563 -1.133978992665345 -0.022701492502369559 0.057483015060853127 -0.0024658527755340811 0.99808529935460333
383 3.0213266494790401 0.67817451331103584 -1.8686196388771594 0.026446890092513293 -0.0057668389589511995 -0.019538311261789214 0.999442624649306
394 0.62795182632454583 0.48651578051814121 -1.1287219462520295 -0.027313333358582811 0.051677869154314472 -0.0028344934465704859 0.99828620410552305
400 0.32695529645929 0.52307516466629389 -1.0982619708306178 -0.025629787292785762 0.067978761083212949 -0.0042743569032442754 0.99734835033602065
402 -0.0057711590837002461 0.43219734763703571 -0.79551002803260629 -0.029490059149297341 0.087491936852413452 -0.00068155206896816103 0.99572839312935213
401 0.22712387466696082 0.51422940061547984 -1.0166249836833203 -0.029476164042695471 0.079054967293261419 -0.00098659204314178323 0.99643388869293781
404 -0.5496176817552354 0.27812742270065594 -0.1951969810244237 -0.040919602251865653 0.091427085841294942 -0.0051191455978321244 0.99495752093969614
403 -0.28690660538216428 0.36228454157676898 -0.49862148099596165 -0.035397060692904679 0.08785904964471733 -0.0049929920211158156 0.9954912885206515
416 -3.7189222102412076 -0.623165919884347 2.2066600819620397 -0.063194102539766747 0.19182960588985276 0.028153168233169729 0.97898687776025484
417 -3.8376080018457479 -0.65893935397755976 2.2829483141813616 -0.065426128145735618 0.19326339645220383 0.02860031668155651 0.97854519733803347
409 -1.60205283593266 -0.26288552202582843 1.5031878151053994 -0.056162275104908593 0.14188123699247027 0.014287793895670656 0.98818589971225657
413 -3.2015529733539543 -0.46257283961625495 1.8901610095068617 -0.06261198139189561 0.17102112673762429 0.023569190095711182 0.98299339126659779
406 -0.92081773304051751 -5.4042654984286401e-05 0.40564441359756764 -0.043869849795859936 0.10952616981719314 -0.00034325442545815978 0.99301527509926224
415 -3.5473293643892609 -0.59663489178825513 2.1215164434784173 -0.063278525425093518 0.18782600380118644 0.029359122688183491 0.97972203324773843
411 -2.3872994888162173 -0.3520582323615693 1.7552848933888261 -0.062370905599945597 0.15656067263923829 0.023029016435951049 0.98542797317682473
422 -4.3993932157927818 -0.71699264158838161 2.5235617585627486 -0.070018414333807524 0.19229908873792656 0.020764856646365182 0.97861499214614445
407 -1.114193296731615 -0.13641733944507559 0.80946604275388523 -0.045210578417969091 0.12022073786037539 0.0050745763344435101 0.99170420310818763
421 -4.3376465692863775 -0.74717268509249757 2.4246420544432614 -0.069557751022710418 0.18752408485738187 0.024057268643987415 0.97949869050267502
414 -3.4115093075076182 -0.57131309934382035 1.9787638956716931 -0.061165280172246997 0.17875206536193122 0.02746115417959314 0.98160704594120507
419 -4.0251980852687499 -0.65069773173292444 2.3351869002585506 -0.067155122840729956 0.19169214901632864 0.026260387792736616 0.97880268773370427
405 -0.73741575379378077 0.16625054535692216 0.078667571568691794 -0.047024699867853834 0.10064858585389674 -0.0033249517217478785 0.99380455043433824
420 -4.178344818088795 -0.68402091942322507 2.3579353243562529 -0.068742957063746862 0.18962069928739972 0.023902658630467286 0.9791562996612363
418 -3.9244727328143267 -0.65537212118055144 2.3012567670642237 -0.065314203829422837 0.19249324932978584 0.027012227433567685 0.97874958151187308
410 -2.0340082597899185 -0.36691629112592561 1.692654702233555 -0.058216868074264759 0.14819375440203575 0.018351725638525971 0.98707275395177485
423 -4.4834735936826355 -0.71890407976541426 2.5625338903471189 -0.06708911809946401 0.19202788590169684 0.018835228298733134 0.9789124452389476
412 -2.7627702786443673 -0.43172993357735068 1.798876447482892 -0.062616107090358836 0.16182579198615329 0.024976363744435907 0.98451400062924888
408 -1.3688953626393461 -0.21710265743737625 1.251115368922032 -0.05124034470583623 0.13311401520618432 0.0085900197127442082 0.98973799441642618
424 -4.5443064328324061 -0.72882580574073852 2.630484673857147 -0.068350733039889422 0.192969174417085 0.018151410272449899 0.97865295244168127
425 -4.6284123066380394 -0.72136893331238683 2.6806469539121327 -0.069247685093510536 0.19175142912439228 0.015463263314639103 0.97887539300240123
426 -4.6586031817988403 -0.6625075144623026 2.7151762421826042 -0.070986522599960966 0.19024830470724691 0.013687435524255767 0.97907055428807233
428 -4.6683786334865509 -0.63611623941025863 2.7624825350052435 -0.071023591472173048 0.19125214814344338 0.012069617144333546 0.97889355377737652
427 -4.6707750470236382 -0.66089659792803601 2.7400502855490294 -0.07065405988116169 0.19087080462083136 0.014160749196593615 0.97896670676172481
431 -4.5040495789855184 -0.67298656871001783 2.7443402337179061 -0.0741732686561455 0.18883827876013923 0.014442526230316628 0.97909644271024598
434 -4.2422766479558849 -0.73784130842606932 2.7118506933620834 -0.064719554002283824 0.19093843418128603 0.020777391071435277 0.97924572692578493
437 -3.6694445961823123 -0.57851861440320873 2.5680330482573894 -0.071849095999519302 0.18903971760889343 0.023717893969965802 0.97905012847965611
429 -4.6125448856376128 -0.72271954670961802 2.7709620265824828 -0.069157948622615775 0.19220331782570785 0.016450152010866161 0.97877702019301671
432 -4.4301232276157174 -0.71124813326481739 2.7401355665925249 -0.072077725102956278 0.19013096294682305 0.016799412957869141 0.97896516699889147
436 -3.9055314087189723 -0.62461546147261138 2.6849056130409052 -0.068876093711908129 0.19138449432270682 0.021661309332214478 0.97885588659712541
430 -4.5332484879709813 -0.72156650630989694 2.781768308313318 -0.069716080487729551 0.19330649421848448 0.015249544262308973 0.97853958469454849
433 -4.3383225089202817 -0.74699279513473216 2.7164529939825659 -0.068096928004105203 0.19103188765781487 0.019215257084133817 0.97903033670539874
435 -4.0952014937002641 -0.68357288174571129 2.7264135142336601 -0.067763300953952776 0.19118046281952553 0.020951089268133508 0.97898887508409149
438 -3.422656151293654 -0.52779589210933153 2.4178459662326519 -0.074118495717787711 0.18425843665484049 0.022777216038413088 0.97981451078435555
